1234567
2134567
2314567
3214567
3124567
1324567
2341567
3241567
3421567
4321567
4231567
2431567
3412567
4312567
4132567
1432567
1342567
3142567
4123567
1423567
1243567
2143567
2413567
4213567
2345167
3245167
3425167
4325167
4235167
2435167
3452167
4352167
4532167
5432167
5342167
3542167
4523167
5423167
5243167
2543167
2453167
4253167
5234167
2534167
2354167
3254167
3524167
5324167
3451267
4351267
4531267
5431267
5341267
3541267
4513267
5413267
5143267
1543267
1453267
4153267
5134267
1534267
1354267
3154267
3514267
5314267
1345267
3145267
3415267
4315267
4135267
1435267
4512367
5412367
5142367
1542367
1452367
4152367
5124367
1524367
1254367
2154367
2514367
5214367
1245367
2145367
2415367
4215367
4125367
1425367
2451367
4251367
4521367
5421367
5241367
2541367
5123467
1523467
1253467
2153467
2513467
5213467
1235467
2135467
2315467
3215467
3125467
1325467
2351467
3251467
3521467
5321467
5231467
2531467
3512467
5312467
5132467
1532467
1352467
3152467
2345617
3245617
3425617
4325617
4235617
2435617
3452617
4352617
4532617
5432617
5342617
3542617
4523617
5423617
5243617
2543617
2453617
4253617
5234617
2534617
2354617
3254617
3524617
5324617
3456217
4356217
4536217
5436217
5346217
3546217
4563217
5463217
5643217
6543217
6453217
4653217
5634217
6534217
6354217
3654217
3564217
5364217
6345217
3645217
3465217
4365217
4635217
6435217
4562317
5462317
5642317
6542317
6452317
4652317
5624317
6524317
6254317
2654317
2564317
5264317
6245317
2645317
2465317
4265317
4625317
6425317
2456317
4256317
4526317
5426317
5246317
2546317
5623417
6523417
6253417
2653417
2563417
5263417
6235417
2635417
2365417
3265417
3625417
6325417
2356417
3256417
3526417
5326417
5236417
2536417
3562417
5362417
5632417
6532417
6352417
3652417
6234517
2634517
2364517
3264517
3624517
6324517
2346517
3246517
3426517
4326517
4236517
2436517
3462517
4362517
4632517
6432517
6342517
3642517
4623517
6423517
6243517
2643517
2463517
4263517
3456127
4356127
4536127
5436127
5346127
3546127
4563127
5463127
5643127
6543127
6453127
4653127
5634127
6534127
6354127
3654127
3564127
5364127
6345127
3645127
3465127
4365127
4635127
6435127
4561327
5461327
5641327
6541327
6451327
4651327
5614327
6514327
6154327
1654327
1564327
5164327
6145327
1645327
1465327
4165327
4615327
6415327
1456327
4156327
4516327
5416327
5146327
1546327
5613427
6513427
6153427
1653427
1563427
5163427
6135427
1635427
1365427
3165427
3615427
6315427
1356427
3156427
3516427
5316427
5136427
1536427
3561427
5361427
5631427
6531427
6351427
3651427
6134527
1634527
1364527
3164527
3614527
6314527
1346527
3146527
3416527
4316527
4136527
1436527
3461527
4361527
4631527
6431527
6341527
3641527
4613527
6413527
6143527
1643527
1463527
4163527
1345627
3145627
3415627
4315627
4135627
1435627
3451627
4351627
4531627
5431627
5341627
3541627
4513627
5413627
5143627
1543627
1453627
4153627
5134627
1534627
1354627
3154627
3514627
5314627
4561237
5461237
5641237
6541237
6451237
4651237
5614237
6514237
6154237
1654237
1564237
5164237
6145237
1645237
1465237
4165237
4615237
6415237
1456237
4156237
4516237
5416237
5146237
1546237
5612437
6512437
6152437
1652437
1562437
5162437
6125437
1625437
1265437
2165437
2615437
6215437
1256437
2156437
2516437
5216437
5126437
1526437
2561437
5261437
5621437
6521437
6251437
2651437
6124537
1624537
1264537
2164537
2614537
6214537
1246537
2146537
2416537
4216537
4126537
1426537
2461537
4261537
4621537
6421537
6241537
2641537
4612537
6412537
6142537
1642537
1462537
4162537
1245637
2145637
2415637
4215637
4125637
1425637
2451637
4251637
4521637
5421637
5241637
2541637
4512637
5412637
5142637
1542637
1452637
4152637
5124637
1524637
1254637
2154637
2514637
5214637
2456137
4256137
4526137
5426137
5246137
2546137
4562137
5462137
5642137
6542137
6452137
4652137
5624137
6524137
6254137
2654137
2564137
5264137
6245137
2645137
2465137
4265137
4625137
6425137
5612347
6512347
6152347
1652347
1562347
5162347
6125347
1625347
1265347
2165347
2615347
6215347
1256347
2156347
2516347
5216347
5126347
1526347
2561347
5261347
5621347
6521347
6251347
2651347
6123547
1623547
1263547
2163547
2613547
6213547
1236547
2136547
2316547
3216547
3126547
1326547
2361547
3261547
3621547
6321547
6231547
2631547
3612547
6312547
6132547
1632547
1362547
3162547
1235647
2135647
2315647
3215647
3125647
1325647
2351647
3251647
3521647
5321647
5231647
2531647
3512647
5312647
5132647
1532647
1352647
3152647
5123647
1523647
1253647
2153647
2513647
5213647
2356147
3256147
3526147
5326147
5236147
2536147
3562147
5362147
5632147
6532147
6352147
3652147
5623147
6523147
6253147
2653147
2563147
5263147
6235147
2635147
2365147
3265147
3625147
6325147
3561247
5361247
5631247
6531247
6351247
3651247
5613247
6513247
6153247
1653247
1563247
5163247
6135247
1635247
1365247
3165247
3615247
6315247
1356247
3156247
3516247
5316247
5136247
1536247
6123457
1623457
1263457
2163457
2613457
6213457
1236457
2136457
2316457
3216457
3126457
1326457
2361457
3261457
3621457
6321457
6231457
2631457
3612457
6312457
6132457
1632457
1362457
3162457
1234657
2134657
2314657
3214657
3124657
1324657
2341657
3241657
3421657
4321657
4231657
2431657
3412657
4312657
4132657
1432657
1342657
3142657
4123657
1423657
1243657
2143657
2413657
4213657
2346157
3246157
3426157
4326157
4236157
2436157
3462157
4362157
4632157
6432157
6342157
3642157
4623157
6423157
6243157
2643157
2463157
4263157
6234157
2634157
2364157
3264157
3624157
6324157
3461257
4361257
4631257
6431257
6341257
3641257
4613257
6413257
6143257
1643257
1463257
4163257
6134257
1634257
1364257
3164257
3614257
6314257
1346257
3146257
3416257
4316257
4136257
1436257
4612357
6412357
6142357
1642357
1462357
4162357
6124357
1624357
1264357
2164357
2614357
6214357
1246357
2146357
2416357
4216357
4126357
1426357
2461357
4261357
4621357
6421357
6241357
2641357
2345671
3245671
3425671
4325671
4235671
2435671
3452671
4352671
4532671
5432671
5342671
3542671
4523671
5423671
5243671
2543671
2453671
4253671
5234671
2534671
2354671
3254671
3524671
5324671
3456271
4356271
4536271
5436271
5346271
3546271
4563271
5463271
5643271
6543271
6453271
4653271
5634271
6534271
6354271
3654271
3564271
5364271
6345271
3645271
3465271
4365271
4635271
6435271
4562371
5462371
5642371
6542371
6452371
4652371
5624371
6524371
6254371
2654371
2564371
5264371
6245371
2645371
2465371
4265371
4625371
6425371
2456371
4256371
4526371
5426371
5246371
2546371
5623471
6523471
6253471
2653471
2563471
5263471
6235471
2635471
2365471
3265471
3625471
6325471
2356471
3256471
3526471
5326471
5236471
2536471
3562471
5362471
5632471
6532471
6352471
3652471
6234571
2634571
2364571
3264571
3624571
6324571
2346571
3246571
3426571
4326571
4236571
2436571
3462571
4362571
4632571
6432571
6342571
3642571
4623571
6423571
6243571
2643571
2463571
4263571
3456721
4356721
4536721
5436721
5346721
3546721
4563721
5463721
5643721
6543721
6453721
4653721
5634721
6534721
6354721
3654721
3564721
5364721
6345721
3645721
3465721
4365721
4635721
6435721
4567321
5467321
5647321
6547321
6457321
4657321
5674321
6574321
6754321
7654321
7564321
5764321
6745321
7645321
7465321
4765321
4675321
6475321
7456321
4756321
4576321
5476321
5746321
7546321
5673421
6573421
6753421
7653421
7563421
5763421
6735421
7635421
7365421
3765421
3675421
6375421
7356421
3756421
3576421
5376421
5736421
7536421
3567421
5367421
5637421
6537421
6357421
3657421
6734521
7634521
7364521
3764521
3674521
6374521
7346521
3746521
3476521
4376521
4736521
7436521
3467521
4367521
4637521
6437521
6347521
3647521
4673521
6473521
6743521
7643521
7463521
4763521
7345621
3745621
3475621
4375621
4735621
7435621
3457621
4357621
4537621
5437621
5347621
3547621
4573621
5473621
5743621
7543621
7453621
4753621
5734621
7534621
7354621
3754621
3574621
5374621
4567231
5467231
5647231
6547231
6457231
4657231
5674231
6574231
6754231
7654231
7564231
5764231
6745231
7645231
7465231
4765231
4675231
6475231
7456231
4756231
4576231
5476231
5746231
7546231
5672431
6572431
6752431
7652431
7562431
5762431
6725431
7625431
7265431
2765431
2675431
6275431
7256431
2756431
2576431
5276431
5726431
7526431
2567431
5267431
5627431
6527431
6257431
2657431
6724531
7624531
7264531
2764531
2674531
6274531
7246531
2746531
2476531
4276531
4726531
7426531
2467531
4267531
4627531
6427531
6247531
2647531
4672531
6472531
6742531
7642531
7462531
4762531
7245631
2745631
2475631
4275631
4725631
7425631
2457631
4257631
4527631
5427631
5247631
2547631
4572631
5472631
5742631
7542631
7452631
4752631
5724631
7524631
7254631
2754631
2574631
5274631
2456731
4256731
4526731
5426731
5246731
2546731
4562731
5462731
5642731
6542731
6452731
4652731
5624731
6524731
6254731
2654731
2564731
5264731
6245731
2645731
2465731
4265731
4625731
6425731
5672341
6572341
6752341
7652341
7562341
5762341
6725341
7625341
7265341
2765341
2675341
6275341
7256341
2756341
2576341
5276341
5726341
7526341
2567341
5267341
5627341
6527341
6257341
2657341
6723541
7623541
7263541
2763541
2673541
6273541
7236541
2736541
2376541
3276541
3726541
7326541
2367541
3267541
3627541
6327541
6237541
2637541
3672541
6372541
6732541
7632541
7362541
3762541
7235641
2735641
2375641
3275641
3725641
7325641
2357641
3257641
3527641
5327641
5237641
2537641
3572641
5372641
5732641
7532641
7352641
3752641
5723641
7523641
7253641
2753641
2573641
5273641
2356741
3256741
3526741
5326741
5236741
2536741
3562741
5362741
5632741
6532741
6352741
3652741
5623741
6523741
6253741
2653741
2563741
5263741
6235741
2635741
2365741
3265741
3625741
6325741
3567241
5367241
5637241
6537241
6357241
3657241
5673241
6573241
6753241
7653241
7563241
5763241
6735241
7635241
7365241
3765241
3675241
6375241
7356241
3756241
3576241
5376241
5736241
7536241
6723451
7623451
7263451
2763451
2673451
6273451
7236451
2736451
2376451
3276451
3726451
7326451
2367451
3267451
3627451
6327451
6237451
2637451
3672451
6372451
6732451
7632451
7362451
3762451
7234651
2734651
2374651
3274651
3724651
7324651
2347651
3247651
3427651
4327651
4237651
2437651
3472651
4372651
4732651
7432651
7342651
3742651
4723651
7423651
7243651
2743651
2473651
4273651
2346751
3246751
3426751
4326751
4236751
2436751
3462751
4362751
4632751
6432751
6342751
3642751
4623751
6423751
6243751
2643751
2463751
4263751
6234751
2634751
2364751
3264751
3624751
6324751
3467251
4367251
4637251
6437251
6347251
3647251
4673251
6473251
6743251
7643251
7463251
4763251
6734251
7634251
7364251
3764251
3674251
6374251
7346251
3746251
3476251
4376251
4736251
7436251
4672351
6472351
6742351
7642351
7462351
4762351
6724351
7624351
7264351
2764351
2674351
6274351
7246351
2746351
2476351
4276351
4726351
7426351
2467351
4267351
4627351
6427351
6247351
2647351
7234561
2734561
2374561
3274561
3724561
7324561
2347561
3247561
3427561
4327561
4237561
2437561
3472561
4372561
4732561
7432561
7342561
3742561
4723561
7423561
7243561
2743561
2473561
4273561
2345761
3245761
3425761
4325761
4235761
2435761
3452761
4352761
4532761
5432761
5342761
3542761
4523761
5423761
5243761
2543761
2453761
4253761
5234761
2534761
2354761
3254761
3524761
5324761
3457261
4357261
4537261
5437261
5347261
3547261
4573261
5473261
5743261
7543261
7453261
4753261
5734261
7534261
7354261
3754261
3574261
5374261
7345261
3745261
3475261
4375261
4735261
7435261
4572361
5472361
5742361
7542361
7452361
4752361
5724361
7524361
7254361
2754361
2574361
5274361
7245361
2745361
2475361
4275361
4725361
7425361
2457361
4257361
4527361
5427361
5247361
2547361
5723461
7523461
7253461
2753461
2573461
5273461
7235461
2735461
2375461
3275461
3725461
7325461
2357461
3257461
3527461
5327461
5237461
2537461
3572461
5372461
5732461
7532461
7352461
3752461
3456712
4356712
4536712
5436712
5346712
3546712
4563712
5463712
5643712
6543712
6453712
4653712
5634712
6534712
6354712
3654712
3564712
5364712
6345712
3645712
3465712
4365712
4635712
6435712
4567312
5467312
5647312
6547312
6457312
4657312
5674312
6574312
6754312
7654312
7564312
5764312
6745312
7645312
7465312
4765312
4675312
6475312
7456312
4756312
4576312
5476312
5746312
7546312
5673412
6573412
6753412
7653412
7563412
5763412
6735412
7635412
7365412
3765412
3675412
6375412
7356412
3756412
3576412
5376412
5736412
7536412
3567412
5367412
5637412
6537412
6357412
3657412
6734512
7634512
7364512
3764512
3674512
6374512
7346512
3746512
3476512
4376512
4736512
7436512
3467512
4367512
4637512
6437512
6347512
3647512
4673512
6473512
6743512
7643512
7463512
4763512
7345612
3745612
3475612
4375612
4735612
7435612
3457612
4357612
4537612
5437612
5347612
3547612
4573612
5473612
5743612
7543612
7453612
4753612
5734612
7534612
7354612
3754612
3574612
5374612
4567132
5467132
5647132
6547132
6457132
4657132
5674132
6574132
6754132
7654132
7564132
5764132
6745132
7645132
7465132
4765132
4675132
6475132
7456132
4756132
4576132
5476132
5746132
7546132
5671432
6571432
6751432
7651432
7561432
5761432
6715432
7615432
7165432
1765432
1675432
6175432
7156432
1756432
1576432
5176432
5716432
7516432
1567432
5167432
5617432
6517432
6157432
1657432
6714532
7614532
7164532
1764532
1674532
6174532
7146532
1746532
1476532
4176532
4716532
7416532
1467532
4167532
4617532
6417532
6147532
1647532
4671532
6471532
6741532
7641532
7461532
4761532
7145632
1745632
1475632
4175632
4715632
7415632
1457632
4157632
4517632
5417632
5147632
1547632
4571632
5471632
5741632
7541632
7451632
4751632
5714632
7514632
7154632
1754632
1574632
5174632
1456732
4156732
4516732
5416732
5146732
1546732
4561732
5461732
5641732
6541732
6451732
4651732
5614732
6514732
6154732
1654732
1564732
5164732
6145732
1645732
1465732
4165732
4615732
6415732
5671342
6571342
6751342
7651342
7561342
5761342
6715342
7615342
7165342
1765342
1675342
6175342
7156342
1756342
1576342
5176342
5716342
7516342
1567342
5167342
5617342
6517342
6157342
1657342
6713542
7613542
7163542
1763542
1673542
6173542
7136542
1736542
1376542
3176542
3716542
7316542
1367542
3167542
3617542
6317542
6137542
1637542
3671542
6371542
6731542
7631542
7361542
3761542
7135642
1735642
1375642
3175642
3715642
7315642
1357642
3157642
3517642
5317642
5137642
1537642
3571642
5371642
5731642
7531642
7351642
3751642
5713642
7513642
7153642
1753642
1573642
5173642
1356742
3156742
3516742
5316742
5136742
1536742
3561742
5361742
5631742
6531742
6351742
3651742
5613742
6513742
6153742
1653742
1563742
5163742
6135742
1635742
1365742
3165742
3615742
6315742
3567142
5367142
5637142
6537142
6357142
3657142
5673142
6573142
6753142
7653142
7563142
5763142
6735142
7635142
7365142
3765142
3675142
6375142
7356142
3756142
3576142
5376142
5736142
7536142
6713452
7613452
7163452
1763452
1673452
6173452
7136452
1736452
1376452
3176452
3716452
7316452
1367452
3167452
3617452
6317452
6137452
1637452
3671452
6371452
6731452
7631452
7361452
3761452
7134652
1734652
1374652
3174652
3714652
7314652
1347652
3147652
3417652
4317652
4137652
1437652
3471652
4371652
4731652
7431652
7341652
3741652
4713652
7413652
7143652
1743652
1473652
4173652
1346752
3146752
3416752
4316752
4136752
1436752
3461752
4361752
4631752
6431752
6341752
3641752
4613752
6413752
6143752
1643752
1463752
4163752
6134752
1634752
1364752
3164752
3614752
6314752
3467152
4367152
4637152
6437152
6347152
3647152
4673152
6473152
6743152
7643152
7463152
4763152
6734152
7634152
7364152
3764152
3674152
6374152
7346152
3746152
3476152
4376152
4736152
7436152
4671352
6471352
6741352
7641352
7461352
4761352
6714352
7614352
7164352
1764352
1674352
6174352
7146352
1746352
1476352
4176352
4716352
7416352
1467352
4167352
4617352
6417352
6147352
1647352
7134562
1734562
1374562
3174562
3714562
7314562
1347562
3147562
3417562
4317562
4137562
1437562
3471562
4371562
4731562
7431562
7341562
3741562
4713562
7413562
7143562
1743562
1473562
4173562
1345762
3145762
3415762
4315762
4135762
1435762
3451762
4351762
4531762
5431762
5341762
3541762
4513762
5413762
5143762
1543762
1453762
4153762
5134762
1534762
1354762
3154762
3514762
5314762
3457162
4357162
4537162
5437162
5347162
3547162
4573162
5473162
5743162
7543162
7453162
4753162
5734162
7534162
7354162
3754162
3574162
5374162
7345162
3745162
3475162
4375162
4735162
7435162
4571362
5471362
5741362
7541362
7451362
4751362
5714362
7514362
7154362
1754362
1574362
5174362
7145362
1745362
1475362
4175362
4715362
7415362
1457362
4157362
4517362
5417362
5147362
1547362
5713462
7513462
7153462
1753462
1573462
5173462
7135462
1735462
1375462
3175462
3715462
7315462
1357462
3157462
3517462
5317462
5137462
1537462
3571462
5371462
5731462
7531462
7351462
3751462
1345672
3145672
3415672
4315672
4135672
1435672
3451672
4351672
4531672
5431672
5341672
3541672
4513672
5413672
5143672
1543672
1453672
4153672
5134672
1534672
1354672
3154672
3514672
5314672
3456172
4356172
4536172
5436172
5346172
3546172
4563172
5463172
5643172
6543172
6453172
4653172
5634172
6534172
6354172
3654172
3564172
5364172
6345172
3645172
3465172
4365172
4635172
6435172
4561372
5461372
5641372
6541372
6451372
4651372
5614372
6514372
6154372
1654372
1564372
5164372
6145372
1645372
1465372
4165372
4615372
6415372
1456372
4156372
4516372
5416372
5146372
1546372
5613472
6513472
6153472
1653472
1563472
5163472
6135472
1635472
1365472
3165472
3615472
6315472
1356472
3156472
3516472
5316472
5136472
1536472
3561472
5361472
5631472
6531472
6351472
3651472
6134572
1634572
1364572
3164572
3614572
6314572
1346572
3146572
3416572
4316572
4136572
1436572
3461572
4361572
4631572
6431572
6341572
3641572
4613572
6413572
6143572
1643572
1463572
4163572
4567123
5467123
5647123
6547123
6457123
4657123
5674123
6574123
6754123
7654123
7564123
5764123
6745123
7645123
7465123
4765123
4675123
6475123
7456123
4756123
4576123
5476123
5746123
7546123
5671423
6571423
6751423
7651423
7561423
5761423
6715423
7615423
7165423
1765423
1675423
6175423
7156423
1756423
1576423
5176423
5716423
7516423
1567423
5167423
5617423
6517423
6157423
1657423
6714523
7614523
7164523
1764523
1674523
6174523
7146523
1746523
1476523
4176523
4716523
7416523
1467523
4167523
4617523
6417523
6147523
1647523
4671523
6471523
6741523
7641523
7461523
4761523
7145623
1745623
1475623
4175623
4715623
7415623
1457623
4157623
4517623
5417623
5147623
1547623
4571623
5471623
5741623
7541623
7451623
4751623
5714623
7514623
7154623
1754623
1574623
5174623
1456723
4156723
4516723
5416723
5146723
1546723
4561723
5461723
5641723
6541723
6451723
4651723
5614723
6514723
6154723
1654723
1564723
5164723
6145723
1645723
1465723
4165723
4615723
6415723
5671243
6571243
6751243
7651243
7561243
5761243
6715243
7615243
7165243
1765243
1675243
6175243
7156243
1756243
1576243
5176243
5716243
7516243
1567243
5167243
5617243
6517243
6157243
1657243
6712543
7612543
7162543
1762543
1672543
6172543
7126543
1726543
1276543
2176543
2716543
7216543
1267543
2167543
2617543
6217543
6127543
1627543
2671543
6271543
6721543
7621543
7261543
2761543
7125643
1725643
1275643
2175643
2715643
7215643
1257643
2157643
2517643
5217643
5127643
1527643
2571643
5271643
5721643
7521643
7251643
2751643
5712643
7512643
7152643
1752643
1572643
5172643
1256743
2156743
2516743
5216743
5126743
1526743
2561743
5261743
5621743
6521743
6251743
2651743
5612743
6512743
6152743
1652743
1562743
5162743
6125743
1625743
1265743
2165743
2615743
6215743
2567143
5267143
5627143
6527143
6257143
2657143
5672143
6572143
6752143
7652143
7562143
5762143
6725143
7625143
7265143
2765143
2675143
6275143
7256143
2756143
2576143
5276143
5726143
7526143
6712453
7612453
7162453
1762453
1672453
6172453
7126453
1726453
1276453
2176453
2716453
7216453
1267453
2167453
2617453
6217453
6127453
1627453
2671453
6271453
6721453
7621453
7261453
2761453
7124653
1724653
1274653
2174653
2714653
7214653
1247653
2147653
2417653
4217653
4127653
1427653
2471653
4271653
4721653
7421653
7241653
2741653
4712653
7412653
7142653
1742653
1472653
4172653
1246753
2146753
2416753
4216753
4126753
1426753
2461753
4261753
4621753
6421753
6241753
2641753
4612753
6412753
6142753
1642753
1462753
4162753
6124753
1624753
1264753
2164753
2614753
6214753
2467153
4267153
4627153
6427153
6247153
2647153
4672153
6472153
6742153
7642153
7462153
4762153
6724153
7624153
7264153
2764153
2674153
6274153
7246153
2746153
2476153
4276153
4726153
7426153
4671253
6471253
6741253
7641253
7461253
4761253
6714253
7614253
7164253
1764253
1674253
6174253
7146253
1746253
1476253
4176253
4716253
7416253
1467253
4167253
4617253
6417253
6147253
1647253
7124563
1724563
1274563
2174563
2714563
7214563
1247563
2147563
2417563
4217563
4127563
1427563
2471563
4271563
4721563
7421563
7241563
2741563
4712563
7412563
7142563
1742563
1472563
4172563
1245763
2145763
2415763
4215763
4125763
1425763
2451763
4251763
4521763
5421763
5241763
2541763
4512763
5412763
5142763
1542763
1452763
4152763
5124763
1524763
1254763
2154763
2514763
5214763
2457163
4257163
4527163
5427163
5247163
2547163
4572163
5472163
5742163
7542163
7452163
4752163
5724163
7524163
7254163
2754163
2574163
5274163
7245163
2745163
2475163
4275163
4725163
7425163
4571263
5471263
5741263
7541263
7451263
4751263
5714263
7514263
7154263
1754263
1574263
5174263
7145263
1745263
1475263
4175263
4715263
7415263
1457263
4157263
4517263
5417263
5147263
1547263
5712463
7512463
7152463
1752463
1572463
5172463
7125463
1725463
1275463
2175463
2715463
7215463
1257463
2157463
2517463
5217463
5127463
1527463
2571463
5271463
5721463
7521463
7251463
2751463
1245673
2145673
2415673
4215673
4125673
1425673
2451673
4251673
4521673
5421673
5241673
2541673
4512673
5412673
5142673
1542673
1452673
4152673
5124673
1524673
1254673
2154673
2514673
5214673
2456173
4256173
4526173
5426173
5246173
2546173
4562173
5462173
5642173
6542173
6452173
4652173
5624173
6524173
6254173
2654173
2564173
5264173
6245173
2645173
2465173
4265173
4625173
6425173
4561273
5461273
5641273
6541273
6451273
4651273
5614273
6514273
6154273
1654273
1564273
5164273
6145273
1645273
1465273
4165273
4615273
6415273
1456273
4156273
4516273
5416273
5146273
1546273
5612473
6512473
6152473
1652473
1562473
5162473
6125473
1625473
1265473
2165473
2615473
6215473
1256473
2156473
2516473
5216473
5126473
1526473
2561473
5261473
5621473
6521473
6251473
2651473
6124573
1624573
1264573
2164573
2614573
6214573
1246573
2146573
2416573
4216573
4126573
1426573
2461573
4261573
4621573
6421573
6241573
2641573
4612573
6412573
6142573
1642573
1462573
4162573
2456713
4256713
4526713
5426713
5246713
2546713
4562713
5462713
5642713
6542713
6452713
4652713
5624713
6524713
6254713
2654713
2564713
5264713
6245713
2645713
2465713
4265713
4625713
6425713
4567213
5467213
5647213
6547213
6457213
4657213
5674213
6574213
6754213
7654213
7564213
5764213
6745213
7645213
7465213
4765213
4675213
6475213
7456213
4756213
4576213
5476213
5746213
7546213
5672413
6572413
6752413
7652413
7562413
5762413
6725413
7625413
7265413
2765413
2675413
6275413
7256413
2756413
2576413
5276413
5726413
7526413
2567413
5267413
5627413
6527413
6257413
2657413
6724513
7624513
7264513
2764513
2674513
6274513
7246513
2746513
2476513
4276513
4726513
7426513
2467513
4267513
4627513
6427513
6247513
2647513
4672513
6472513
6742513
7642513
7462513
4762513
7245613
2745613
2475613
4275613
4725613
7425613
2457613
4257613
4527613
5427613
5247613
2547613
4572613
5472613
5742613
7542613
7452613
4752613
5724613
7524613
7254613
2754613
2574613
5274613
5671234
6571234
6751234
7651234
7561234
5761234
6715234
7615234
7165234
1765234
1675234
6175234
7156234
1756234
1576234
5176234
5716234
7516234
1567234
5167234
5617234
6517234
6157234
1657234
6712534
7612534
7162534
1762534
1672534
6172534
7126534
1726534
1276534
2176534
2716534
7216534
1267534
2167534
2617534
6217534
6127534
1627534
2671534
6271534
6721534
7621534
7261534
2761534
7125634
1725634
1275634
2175634
2715634
7215634
1257634
2157634
2517634
5217634
5127634
1527634
2571634
5271634
5721634
7521634
7251634
2751634
5712634
7512634
7152634
1752634
1572634
5172634
1256734
2156734
2516734
5216734
5126734
1526734
2561734
5261734
5621734
6521734
6251734
2651734
5612734
6512734
6152734
1652734
1562734
5162734
6125734
1625734
1265734
2165734
2615734
6215734
2567134
5267134
5627134
6527134
6257134
2657134
5672134
6572134
6752134
7652134
7562134
5762134
6725134
7625134
7265134
2765134
2675134
6275134
7256134
2756134
2576134
5276134
5726134
7526134
6712354
7612354
7162354
1762354
1672354
6172354
7126354
1726354
1276354
2176354
2716354
7216354
1267354
2167354
2617354
6217354
6127354
1627354
2671354
6271354
6721354
7621354
7261354
2761354
7123654
1723654
1273654
2173654
2713654
7213654
1237654
2137654
2317654
3217654
3127654
1327654
2371654
3271654
3721654
7321654
7231654
2731654
3712654
7312654
7132654
1732654
1372654
3172654
1236754
2136754
2316754
3216754
3126754
1326754
2361754
3261754
3621754
6321754
6231754
2631754
3612754
6312754
6132754
1632754
1362754
3162754
6123754
1623754
1263754
2163754
2613754
6213754
2367154
3267154
3627154
6327154
6237154
2637154
3672154
6372154
6732154
7632154
7362154
3762154
6723154
7623154
7263154
2763154
2673154
6273154
7236154
2736154
2376154
3276154
3726154
7326154
3671254
6371254
6731254
7631254
7361254
3761254
6713254
7613254
7163254
1763254
1673254
6173254
7136254
1736254
1376254
3176254
3716254
7316254
1367254
3167254
3617254
6317254
6137254
1637254
7123564
1723564
1273564
2173564
2713564
7213564
1237564
2137564
2317564
3217564
3127564
1327564
2371564
3271564
3721564
7321564
7231564
2731564
3712564
7312564
7132564
1732564
1372564
3172564
1235764
2135764
2315764
3215764
3125764
1325764
2351764
3251764
3521764
5321764
5231764
2531764
3512764
5312764
5132764
1532764
1352764
3152764
5123764
1523764
1253764
2153764
2513764
5213764
2357164
3257164
3527164
5327164
5237164
2537164
3572164
5372164
5732164
7532164
7352164
3752164
5723164
7523164
7253164
2753164
2573164
5273164
7235164
2735164
2375164
3275164
3725164
7325164
3571264
5371264
5731264
7531264
7351264
3751264
5713264
7513264
7153264
1753264
1573264
5173264
7135264
1735264
1375264
3175264
3715264
7315264
1357264
3157264
3517264
5317264
5137264
1537264
5712364
7512364
7152364
1752364
1572364
5172364
7125364
1725364
1275364
2175364
2715364
7215364
1257364
2157364
2517364
5217364
5127364
1527364
2571364
5271364
5721364
7521364
7251364
2751364
1235674
2135674
2315674
3215674
3125674
1325674
2351674
3251674
3521674
5321674
5231674
2531674
3512674
5312674
5132674
1532674
1352674
3152674
5123674
1523674
1253674
2153674
2513674
5213674
2356174
3256174
3526174
5326174
5236174
2536174
3562174
5362174
5632174
6532174
6352174
3652174
5623174
6523174
6253174
2653174
2563174
5263174
6235174
2635174
2365174
3265174
3625174
6325174
3561274
5361274
5631274
6531274
6351274
3651274
5613274
6513274
6153274
1653274
1563274
5163274
6135274
1635274
1365274
3165274
3615274
6315274
1356274
3156274
3516274
5316274
5136274
1536274
5612374
6512374
6152374
1652374
1562374
5162374
6125374
1625374
1265374
2165374
2615374
6215374
1256374
2156374
2516374
5216374
5126374
1526374
2561374
5261374
5621374
6521374
6251374
2651374
6123574
1623574
1263574
2163574
2613574
6213574
1236574
2136574
2316574
3216574
3126574
1326574
2361574
3261574
3621574
6321574
6231574
2631574
3612574
6312574
6132574
1632574
1362574
3162574
2356714
3256714
3526714
5326714
5236714
2536714
3562714
5362714
5632714
6532714
6352714
3652714
5623714
6523714
6253714
2653714
2563714
5263714
6235714
2635714
2365714
3265714
3625714
6325714
3567214
5367214
5637214
6537214
6357214
3657214
5673214
6573214
6753214
7653214
7563214
5763214
6735214
7635214
7365214
3765214
3675214
6375214
7356214
3756214
3576214
5376214
5736214
7536214
5672314
6572314
6752314
7652314
7562314
5762314
6725314
7625314
7265314
2765314
2675314
6275314
7256314
2756314
2576314
5276314
5726314
7526314
2567314
5267314
5627314
6527314
6257314
2657314
6723514
7623514
7263514
2763514
2673514
6273514
7236514
2736514
2376514
3276514
3726514
7326514
2367514
3267514
3627514
6327514
6237514
2637514
3672514
6372514
6732514
7632514
7362514
3762514
7235614
2735614
2375614
3275614
3725614
7325614
2357614
3257614
3527614
5327614
5237614
2537614
3572614
5372614
5732614
7532614
7352614
3752614
5723614
7523614
7253614
2753614
2573614
5273614
3567124
5367124
5637124
6537124
6357124
3657124
5673124
6573124
6753124
7653124
7563124
5763124
6735124
7635124
7365124
3765124
3675124
6375124
7356124
3756124
3576124
5376124
5736124
7536124
5671324
6571324
6751324
7651324
7561324
5761324
6715324
7615324
7165324
1765324
1675324
6175324
7156324
1756324
1576324
5176324
5716324
7516324
1567324
5167324
5617324
6517324
6157324
1657324
6713524
7613524
7163524
1763524
1673524
6173524
7136524
1736524
1376524
3176524
3716524
7316524
1367524
3167524
3617524
6317524
6137524
1637524
3671524
6371524
6731524
7631524
7361524
3761524
7135624
1735624
1375624
3175624
3715624
7315624
1357624
3157624
3517624
5317624
5137624
1537624
3571624
5371624
5731624
7531624
7351624
3751624
5713624
7513624
7153624
1753624
1573624
5173624
1356724
3156724
3516724
5316724
5136724
1536724
3561724
5361724
5631724
6531724
6351724
3651724
5613724
6513724
6153724
1653724
1563724
5163724
6135724
1635724
1365724
3165724
3615724
6315724
6712345
7612345
7162345
1762345
1672345
6172345
7126345
1726345
1276345
2176345
2716345
7216345
1267345
2167345
2617345
6217345
6127345
1627345
2671345
6271345
6721345
7621345
7261345
2761345
7123645
1723645
1273645
2173645
2713645
7213645
1237645
2137645
2317645
3217645
3127645
1327645
2371645
3271645
3721645
7321645
7231645
2731645
3712645
7312645
7132645
1732645
1372645
3172645
1236745
2136745
2316745
3216745
3126745
1326745
2361745
3261745
3621745
6321745
6231745
2631745
3612745
6312745
6132745
1632745
1362745
3162745
6123745
1623745
1263745
2163745
2613745
6213745
2367145
3267145
3627145
6327145
6237145
2637145
3672145
6372145
6732145
7632145
7362145
3762145
6723145
7623145
7263145
2763145
2673145
6273145
7236145
2736145
2376145
3276145
3726145
7326145
3671245
6371245
6731245
7631245
7361245
3761245
6713245
7613245
7163245
1763245
1673245
6173245
7136245
1736245
1376245
3176245
3716245
7316245
1367245
3167245
3617245
6317245
6137245
1637245
7123465
1723465
1273465
2173465
2713465
7213465
1237465
2137465
2317465
3217465
3127465
1327465
2371465
3271465
3721465
7321465
7231465
2731465
3712465
7312465
7132465
1732465
1372465
3172465
1234765
2134765
2314765
3214765
3124765
1324765
2341765
3241765
3421765
4321765
4231765
2431765
3412765
4312765
4132765
1432765
1342765
3142765
4123765
1423765
1243765
2143765
2413765
4213765
2347165
3247165
3427165
4327165
4237165
2437165
3472165
4372165
4732165
7432165
7342165
3742165
4723165
7423165
7243165
2743165
2473165
4273165
7234165
2734165
2374165
3274165
3724165
7324165
3471265
4371265
4731265
7431265
7341265
3741265
4713265
7413265
7143265
1743265
1473265
4173265
7134265
1734265
1374265
3174265
3714265
7314265
1347265
3147265
3417265
4317265
4137265
1437265
4712365
7412365
7142365
1742365
1472365
4172365
7124365
1724365
1274365
2174365
2714365
7214365
1247365
2147365
2417365
4217365
4127365
1427365
2471365
4271365
4721365
7421365
7241365
2741365
1234675
2134675
2314675
3214675
3124675
1324675
2341675
3241675
3421675
4321675
4231675
2431675
3412675
4312675
4132675
1432675
1342675
3142675
4123675
1423675
1243675
2143675
2413675
4213675
2346175
3246175
3426175
4326175
4236175
2436175
3462175
4362175
4632175
6432175
6342175
3642175
4623175
6423175
6243175
2643175
2463175
4263175
6234175
2634175
2364175
3264175
3624175
6324175
3461275
4361275
4631275
6431275
6341275
3641275
4613275
6413275
6143275
1643275
1463275
4163275
6134275
1634275
1364275
3164275
3614275
6314275
1346275
3146275
3416275
4316275
4136275
1436275
4612375
6412375
6142375
1642375
1462375
4162375
6124375
1624375
1264375
2164375
2614375
6214375
1246375
2146375
2416375
4216375
4126375
1426375
2461375
4261375
4621375
6421375
6241375
2641375
6123475
1623475
1263475
2163475
2613475
6213475
1236475
2136475
2316475
3216475
3126475
1326475
2361475
3261475
3621475
6321475
6231475
2631475
3612475
6312475
6132475
1632475
1362475
3162475
2346715
3246715
3426715
4326715
4236715
2436715
3462715
4362715
4632715
6432715
6342715
3642715
4623715
6423715
6243715
2643715
2463715
4263715
6234715
2634715
2364715
3264715
3624715
6324715
3467215
4367215
4637215
6437215
6347215
3647215
4673215
6473215
6743215
7643215
7463215
4763215
6734215
7634215
7364215
3764215
3674215
6374215
7346215
3746215
3476215
4376215
4736215
7436215
4672315
6472315
6742315
7642315
7462315
4762315
6724315
7624315
7264315
2764315
2674315
6274315
7246315
2746315
2476315
4276315
4726315
7426315
2467315
4267315
4627315
6427315
6247315
2647315
6723415
7623415
7263415
2763415
2673415
6273415
7236415
2736415
2376415
3276415
3726415
7326415
2367415
3267415
3627415
6327415
6237415
2637415
3672415
6372415
6732415
7632415
7362415
3762415
7234615
2734615
2374615
3274615
3724615
7324615
2347615
3247615
3427615
4327615
4237615
2437615
3472615
4372615
4732615
7432615
7342615
3742615
4723615
7423615
7243615
2743615
2473615
4273615
3467125
4367125
4637125
6437125
6347125
3647125
4673125
6473125
6743125
7643125
7463125
4763125
6734125
7634125
7364125
3764125
3674125
6374125
7346125
3746125
3476125
4376125
4736125
7436125
4671325
6471325
6741325
7641325
7461325
4761325
6714325
7614325
7164325
1764325
1674325
6174325
7146325
1746325
1476325
4176325
4716325
7416325
1467325
4167325
4617325
6417325
6147325
1647325
6713425
7613425
7163425
1763425
1673425
6173425
7136425
1736425
1376425
3176425
3716425
7316425
1367425
3167425
3617425
6317425
6137425
1637425
3671425
6371425
6731425
7631425
7361425
3761425
7134625
1734625
1374625
3174625
3714625
7314625
1347625
3147625
3417625
4317625
4137625
1437625
3471625
4371625
4731625
7431625
7341625
3741625
4713625
7413625
7143625
1743625
1473625
4173625
1346725
3146725
3416725
4316725
4136725
1436725
3461725
4361725
4631725
6431725
6341725
3641725
4613725
6413725
6143725
1643725
1463725
4163725
6134725
1634725
1364725
3164725
3614725
6314725
4671235
6471235
6741235
7641235
7461235
4761235
6714235
7614235
7164235
1764235
1674235
6174235
7146235
1746235
1476235
4176235
4716235
7416235
1467235
4167235
4617235
6417235
6147235
1647235
6712435
7612435
7162435
1762435
1672435
6172435
7126435
1726435
1276435
2176435
2716435
7216435
1267435
2167435
2617435
6217435
6127435
1627435
2671435
6271435
6721435
7621435
7261435
2761435
7124635
1724635
1274635
2174635
2714635
7214635
1247635
2147635
2417635
4217635
4127635
1427635
2471635
4271635
4721635
7421635
7241635
2741635
4712635
7412635
7142635
1742635
1472635
4172635
1246735
2146735
2416735
4216735
4126735
1426735
2461735
4261735
4621735
6421735
6241735
2641735
4612735
6412735
6142735
1642735
1462735
4162735
6124735
1624735
1264735
2164735
2614735
6214735
2467135
4267135
4627135
6427135
6247135
2647135
4672135
6472135
6742135
7642135
7462135
4762135
6724135
7624135
7264135
2764135
2674135
6274135
7246135
2746135
2476135
4276135
4726135
7426135
7123456
1723456
1273456
2173456
2713456
7213456
1237456
2137456
2317456
3217456
3127456
1327456
2371456
3271456
3721456
7321456
7231456
2731456
3712456
7312456
7132456
1732456
1372456
3172456
1234756
2134756
2314756
3214756
3124756
1324756
2341756
3241756
3421756
4321756
4231756
2431756
3412756
4312756
4132756
1432756
1342756
3142756
4123756
1423756
1243756
2143756
2413756
4213756
2347156
3247156
3427156
4327156
4237156
2437156
3472156
4372156
4732156
7432156
7342156
3742156
4723156
7423156
7243156
2743156
2473156
4273156
7234156
2734156
2374156
3274156
3724156
7324156
3471256
4371256
4731256
7431256
7341256
3741256
4713256
7413256
7143256
1743256
1473256
4173256
7134256
1734256
1374256
3174256
3714256
7314256
1347256
3147256
3417256
4317256
4137256
1437256
4712356
7412356
7142356
1742356
1472356
4172356
7124356
1724356
1274356
2174356
2714356
7214356
1247356
2147356
2417356
4217356
4127356
1427356
2471356
4271356
4721356
7421356
7241356
2741356
1234576
2134576
2314576
3214576
3124576
1324576
2341576
3241576
3421576
4321576
4231576
2431576
3412576
4312576
4132576
1432576
1342576
3142576
4123576
1423576
1243576
2143576
2413576
4213576
2345176
3245176
3425176
4325176
4235176
2435176
3452176
4352176
4532176
5432176
5342176
3542176
4523176
5423176
5243176
2543176
2453176
4253176
5234176
2534176
2354176
3254176
3524176
5324176
3451276
4351276
4531276
5431276
5341276
3541276
4513276
5413276
5143276
1543276
1453276
4153276
5134276
1534276
1354276
3154276
3514276
5314276
1345276
3145276
3415276
4315276
4135276
1435276
4512376
5412376
5142376
1542376
1452376
4152376
5124376
1524376
1254376
2154376
2514376
5214376
1245376
2145376
2415376
4215376
4125376
1425376
2451376
4251376
4521376
5421376
5241376
2541376
5123476
1523476
1253476
2153476
2513476
5213476
1235476
2135476
2315476
3215476
3125476
1325476
2351476
3251476
3521476
5321476
5231476
2531476
3512476
5312476
5132476
1532476
1352476
3152476
2345716
3245716
3425716
4325716
4235716
2435716
3452716
4352716
4532716
5432716
5342716
3542716
4523716
5423716
5243716
2543716
2453716
4253716
5234716
2534716
2354716
3254716
3524716
5324716
3457216
4357216
4537216
5437216
5347216
3547216
4573216
5473216
5743216
7543216
7453216
4753216
5734216
7534216
7354216
3754216
3574216
5374216
7345216
3745216
3475216
4375216
4735216
7435216
4572316
5472316
5742316
7542316
7452316
4752316
5724316
7524316
7254316
2754316
2574316
5274316
7245316
2745316
2475316
4275316
4725316
7425316
2457316
4257316
4527316
5427316
5247316
2547316
5723416
7523416
7253416
2753416
2573416
5273416
7235416
2735416
2375416
3275416
3725416
7325416
2357416
3257416
3527416
5327416
5237416
2537416
3572416
5372416
5732416
7532416
7352416
3752416
7234516
2734516
2374516
3274516
3724516
7324516
2347516
3247516
3427516
4327516
4237516
2437516
3472516
4372516
4732516
7432516
7342516
3742516
4723516
7423516
7243516
2743516
2473516
4273516
3457126
4357126
4537126
5437126
5347126
3547126
4573126
5473126
5743126
7543126
7453126
4753126
5734126
7534126
7354126
3754126
3574126
5374126
7345126
3745126
3475126
4375126
4735126
7435126
4571326
5471326
5741326
7541326
7451326
4751326
5714326
7514326
7154326
1754326
1574326
5174326
7145326
1745326
1475326
4175326
4715326
7415326
1457326
4157326
4517326
5417326
5147326
1547326
5713426
7513426
7153426
1753426
1573426
5173426
7135426
1735426
1375426
3175426
3715426
7315426
1357426
3157426
3517426
5317426
5137426
1537426
3571426
5371426
5731426
7531426
7351426
3751426
7134526
1734526
1374526
3174526
3714526
7314526
1347526
3147526
3417526
4317526
4137526
1437526
3471526
4371526
4731526
7431526
7341526
3741526
4713526
7413526
7143526
1743526
1473526
4173526
1345726
3145726
3415726
4315726
4135726
1435726
3451726
4351726
4531726
5431726
5341726
3541726
4513726
5413726
5143726
1543726
1453726
4153726
5134726
1534726
1354726
3154726
3514726
5314726
4571236
5471236
5741236
7541236
7451236
4751236
5714236
7514236
7154236
1754236
1574236
5174236
7145236
1745236
1475236
4175236
4715236
7415236
1457236
4157236
4517236
5417236
5147236
1547236
5712436
7512436
7152436
1752436
1572436
5172436
7125436
1725436
1275436
2175436
2715436
7215436
1257436
2157436
2517436
5217436
5127436
1527436
2571436
5271436
5721436
7521436
7251436
2751436
7124536
1724536
1274536
2174536
2714536
7214536
1247536
2147536
2417536
4217536
4127536
1427536
2471536
4271536
4721536
7421536
7241536
2741536
4712536
7412536
7142536
1742536
1472536
4172536
1245736
2145736
2415736
4215736
4125736
1425736
2451736
4251736
4521736
5421736
5241736
2541736
4512736
5412736
5142736
1542736
1452736
4152736
5124736
1524736
1254736
2154736
2514736
5214736
2457136
4257136
4527136
5427136
5247136
2547136
4572136
5472136
5742136
7542136
7452136
4752136
5724136
7524136
7254136
2754136
2574136
5274136
7245136
2745136
2475136
4275136
4725136
7425136
5712346
7512346
7152346
1752346
1572346
5172346
7125346
1725346
1275346
2175346
2715346
7215346
1257346
2157346
2517346
5217346
5127346
1527346
2571346
5271346
5721346
7521346
7251346
2751346
7123546
1723546
1273546
2173546
2713546
7213546
1237546
2137546
2317546
3217546
3127546
1327546
2371546
3271546
3721546
7321546
7231546
2731546
3712546
7312546
7132546
1732546
1372546
3172546
1235746
2135746
2315746
3215746
3125746
1325746
2351746
3251746
3521746
5321746
5231746
2531746
3512746
5312746
5132746
1532746
1352746
3152746
5123746
1523746
1253746
2153746
2513746
5213746
2357146
3257146
3527146
5327146
5237146
2537146
3572146
5372146
5732146
7532146
7352146
3752146
5723146
7523146
7253146
2753146
2573146
5273146
7235146
2735146
2375146
3275146
3725146
7325146
3571246
5371246
5731246
7531246
7351246
3751246
5713246
7513246
7153246
1753246
1573246
5173246
7135246
1735246
1375246
3175246
3715246
7315246
1357246
3157246
3517246
5317246
5137246
1537246
